CH	Y	X			
1	970	260.418	3.41E+07	2.38416	4.95267
2	955	259.555	2.37E+07	3.43038	4.92635
3	940	259.487	3.63E+07	2.23967	5.27961
4	925	259.507	4.31E+07	1.88631	4.74817
6	895	258.238	4.64E+07	1.75216	4.69283
7	880	257.83	5.71E+07	1.42382	4.64892
8	865	257.255	5.45E+07	1.49174	4.80858
9	850	256.987	6.04E+07	1.34603	4.70683
10	834	256.466	5.91E+07	1.37563	4.64438
11	820	255.813	5.34E+07	1.52247	4.50444
12	804	255.501	5.03E+07	1.6163	4.71655
13	789	254.437	5.02E+07	1.61952	4.58816
14	775	254.079	6.05E+07	1.3438	4.35605
15	759	254.134	5.94E+07	1.36869	4.26544
16	744	253.567	4.75E+07	1.71158	4.35566
17	729	252.618	4.44E+07	1.83108	4.27095
18	713	253.065	4.89E+07	1.66258	4.13601
19	699	253.01	5.13E+07	1.5848	4.15873
20	683	252.685	4.09E+07	1.98778	4.40279
21	668	252.385	5.32E+07	1.5282	3.97987
22	653	251.75	6.02E+07	1.3505	4.00449
23	638	251.825	6.29E+07	1.29253	3.87819
24	624	251.826	6.63E+07	1.22624	3.81133
25	608	251.956	5.93E+07	1.37099	3.76363
26	593	251.359	5.80E+07	1.40172	3.82012
27	578	251.599	6.84E+07	1.1886	3.80556
28	563	251.193	6.55E+07	1.24122	3.67659
29	550	251.123	4.83E+07	1.68323	3.77421
30	532	250.746	4.47E+07	1.81879	3.57822
31	518	250.869	4.57E+07	1.77899	3.58573
32	503	250.651	4.02E+07	2.02239	3.52366
33	487	250.184	2.57E+07	3.16342	3.38579
34	472	250.218	4.36E+07	1.86468	3.47851
35	457	249.848	4.49E+07	1.81069	3.40654
36	442	249.915	3.68E+07	2.20924	3.43295
38	412	249.102	3.83E+07	2.12272	3.32516
39	397	249.231	4.56E+07	1.78289	3.53458
40	382	248.981	4.49E+07	1.81069	3.51015
41	367	248.808	3.98E+07	2.04271	3.31552
42	351	248.611	4.65E+07	1.74839	3.48855
43	336	248.438	4.63E+07	1.75594	3.37753
45	305	248.329	4.21E+07	1.93112	3.33537
46	290	248.217	4.19E+07	1.94033	3.45165
47	276	248.109	3.65E+07	2.2274	3.39081
48	261	247.916	3.21E+07	2.53271	3.37252
50	229	248.76	2.53E+07	3.21344	3.37778
51	214	248.584	4.36E+07	1.86468	3.43903
52	199	248.123	4.27E+07	1.90398	3.55372
53	183	248.374	3.38E+07	2.40533	3.48647
54	169	248.474	4.67E+07	1.7409	3.49497
55	154	248.698	5.38E+07	1.51115	3.46158
56	123	249.022	4.60E+07	1.76739	3.27477
58	92	250.198	3.16E+07	2.57278	3.31156
60	78	250.63	2.43E+07	3.34568	3.10752
61	62	250.395	2.99E+07	2.71906	3.36541
62	47	250.428	2.08E+07	3.90865	3.40612
64	986	399.17	1.45E+07	5.6069	4.53542
65	971	398.241	2.36E+07	3.44492	4.62608
66	956	397.816	2.81E+07	2.89324	4.75382
67	941	397.836	3.11E+07	2.61415	4.70186
68	927	397.293	2.93E+07	2.77474	4.4618
69	896	396.32	3.98E+07	2.04271	4.40804
70	881	395.451	3.79E+07	2.14512	4.55574
71	866	394.732	4.50E+07	1.80667	4.26974
72	851	394.161	3.50E+07	2.32286	4.55432
73	835	393.848	4.43E+07	1.83521	4.28876
74	820	393.312	4.24E+07	1.91745	4.33795
75	805	393.11	4.09E+07	1.98778	4.27863
76	790	392.408	4.20E+07	1.93571	4.34183
77	774	392.4	4.17E+07	1.94964	4.04237
78	762	391.888	2.79E+07	2.91398	4.17287
79	745	390.381	1.92E+07	4.23438	3.81025
80	730	390.96	2.46E+07	3.30488	4.02803
81	715	390.992	3.22E+07	2.52484	4.14818
82	700	390.281	3.27E+07	2.48624	3.89208
83	684	389.572	2.20E+07	3.69545	4.13576
84	669	389.785	3.79E+07	2.14512	3.77743
85	654	389.566	4.68E+07	1.73718	3.88867
86	639	389.327	4.54E+07	1.79075	3.95197
87	624	389.323	4.69E+07	1.73348	3.77547
88	610	388.711	3.63E+07	2.23967	3.87947
89	593	388.952	4.31E+07	1.88631	3.6198
90	579	389.137	3.62E+07	2.24586	3.66474
91	563	388.527	2.51E+07	3.23904	3.88451
92	548	388.753	4.41E+07	1.84354	3.57152
93	533	388.455	3.78E+07	2.15079	3.68683
94	519	388.088	3.64E+07	2.23352	3.74502
95	503	388.802	2.24E+07	3.62946	4.04614
96	488	388.857	2.03E+07	4.00493	3.29091
97	472	388.006	2.71E+07	3	3.43585
98	458	387.998	3.02E+07	2.69205	3.48619
99	443	387.724	3.18E+07	2.5566	3.49446
100	427	387.875	3.45E+07	2.35652	3.59086
101	412	387.721	2.99E+07	2.71906	3.49887
102	397	387.355	2.83E+07	2.87279	3.44957
103	366	387.523	2.70E+07	3.01111	3.47095
104	351	387.384	3.33E+07	2.44144	3.3365
105	337	386.969	3.58E+07	2.27095	3.34017
106	321	386.862	3.48E+07	2.33621	3.57684
107	306	386.752	3.97E+07	2.04786	3.57189
108	291	386.408	2.97E+07	2.73737	3.39457
109	276	386.747	4.23E+07	1.92199	3.45683
110	260	386.786	3.13E+07	2.59744	3.5185
111	246	386.671	2.35E+07	3.45957	3.52009
112	230	387	2.21E+07	3.67873	3.23827
113	215	386.941	2.11E+07	3.85308	3.40202
114	184	386.911	2.63E+07	3.09125	3.45487
115	169	386.978	2.67E+07	3.04494	3.46693
116	154	387.1	1.98E+07	4.10606	3.14691
117	138	386.62	1.95E+07	4.16923	3.59375
118	123	386.958	2.33E+07	3.48927	3.40234
120	93	388.522	1.63E+07	4.98773	2.96691
121	78	389.322	1.48E+07	5.49324	3.24745
122	63	388.964	1.83E+07	4.44262	3.20255
123	48	389.899	1.64E+07	4.95732	2.94975
124	32	389.41	1.30E+07	6.25385	2.89098
125	971	536.948	2.63E+07	3.09125	4.27838
126	957	536.508	3.05E+07	2.66557	4.33281
127	942	535.87	3.06E+07	2.65686	4.31335
128	927	535.373	2.58E+07	3.15116	4.30553
129	910	534.94	2.31E+07	3.51948	4.28135
130	896	534.618	2.23E+07	3.64574	4.2461
131	881	533.712	1.87E+07	4.34759	4.42646
132	865	533.022	2.93E+07	2.77474	4.2776
133	851	532.857	2.74E+07	2.96715	4.3262
134	836	532.511	2.79E+07	2.91398	4.39512
135	820	532.089	2.60E+07	3.12692	4.38953
136	806	531.588	3.03E+07	2.68317	4.361
137	790	531.247	3.60E+07	2.25833	4.05398
138	776	530.696	2.89E+07	2.81315	4.40522
139	760	529.817	3.50E+07	2.32286	4.14889
140	745	529.548	3.98E+07	2.04271	4.15274
141	730	529.199	3.47E+07	2.34294	4.32836
142	715	528.776	3.25E+07	2.50154	4.05619
143	700	528.515	3.06E+07	2.65686	4.04502
144	684	528.618	2.97E+07	2.73737	4.11099
145	670	528.245	3.36E+07	2.41964	4.20898
146	654	527.274	3.94E+07	2.06345	4.18276
147	640	527.835	4.18E+07	1.94498	4.07311
148	625	527.162	4.36E+07	1.86468	3.86041
149	594	526.816	3.72E+07	2.18548	3.95243
150	579	526.322	3.59E+07	2.26462	4.14002
151	563	525.998	4.82E+07	1.68672	3.90746
152	549	526.025	4.46E+07	1.82287	3.94537
153	533	526.186	3.66E+07	2.22131	3.88896
154	518	526.275	3.49E+07	2.32951	3.89783
155	503	525.895	3.56E+07	2.28371	3.92511
156	488	526.114	3.18E+07	2.5566	3.82702
157	473	526.069	3.05E+07	2.66557	3.85139
158	458	526.129	2.83E+07	2.87279	3.82215
159	443	526.449	2.55E+07	3.18824	3.74313
160	428	525.967	3.03E+07	2.68317	3.59852
161	413	525.365	1.83E+07	4.44262	3.78224
162	398	525.278	2.29E+07	3.55022	3.69784
163	382	525.529	1.95E+07	4.16923	3.66676
164	351	525.334	1.91E+07	4.25654	3.75843
165	337	525.05	3.64E+07	2.23352	3.72808
166	321	525.013	3.31E+07	2.45619	3.70112
167	307	525.455	2.55E+07	3.18824	3.72119
168	290	524.87	2.65E+07	3.06792	3.6851
169	276	525.076	2.96E+07	2.74662	3.77665
171	261	525.58	1.71E+07	1.895329414	3.64394
172	246	525.388	1.31E+07	1.58178979	3.40037
174	200	525.782	1.58E+07	1.31E+00	3.37552
177	139	526.142	1.17E+07	6.94872	3.50648
178	123	526.124	2.23E+07	3.64574	3.53739
179	108	526.82	1.91E+07	4.25654	3.37718
180	93	527.599	1.89E+07	4.30159	3.18632
181	78	526.86	1.75E+07	4.64571	3.69209
182	63	527.545	2.60E+07	3.12692	3.27707
183	47	527.802	2.30E+07	3.53478	3.43428
184	32	527.607	2.34E+07	3.47436	3.4703
185	987	675.554	4.29E+07	1.8951	4.33374
186	973	674.749	4.16E+07	1.95433	4.19425
187	942	673.795	4.96E+07	1.63911	4.15688
188	926	673.797	3.79E+07	2.14512	4.63899
189	911	673.047	5.13E+07	1.5848	4.2586
190	897	672.482	4.56E+07	1.78289	4.17956
191	882	672.428	4.99E+07	1.62926	4.13198
192	866	671.652	3.64E+07	2.23352	4.11713
193	852	671.412	3.85E+07	2.11169	4.17386
194	836	670.166	5.13E+07	1.5848	4.31172
195	821	670.08	5.60E+07	1.45179	4.15022
196	806	669.359	5.21E+07	1.56046	4.2774
197	791	669.059	4.88E+07	1.66598	4.23223
198	775	668.32	5.39E+07	1.50835	4.26495
199	760	668.348	6.17E+07	1.31767	4.19437
200	746	667.804	6.00E+07	1.355	4.18905
201	732	668.069	5.61E+07	1.4492	4.13268
202	700	667.181	5.24E+07	1.55153	4.09978
203	685	666.911	4.77E+07	1.7044	4.23464
204	670	666.613	5.66E+07	1.4364	4.14837
205	654	666.411	5.32E+07	1.5282	4.1626
206	641	666.395	3.14E+07	2.58917	4.32122
207	594	665.902	2.64E+07	3.07955	4.17497
208	579	665.063	1.96E+07	4.14796	4.14872
209	564	664.892	1.74E+07	4.67241	4.24434
210	549	665.259	2.53E+07	3.21344	4.22798
211	534	664.887	3.74E+07	2.1738	3.75874
213	458	664.151	4.37E+07	1.86041	4.08291
214	443	664.076	4.40E+07	1.84773	4.2415
215	428	664.12	3.67E+07	2.21526	4.23973
216	413	663.989	3.74E+07	2.1738	3.9965
217	382	663.544	4.38E+07	1.85616	4.09792
218	368	663.997	3.60E+07	2.25833	4.00263
219	352	663.687	3.81E+07	2.13386	4.02224
220	337	663.698	4.31E+07	1.88631	4.12825
221	322	663.802	2.65E+07	3.06792	4.23217
222	306	663.749	3.41E+07	2.38416	4.24878
223	291	663.846	3.00E+07	2.71	4.11525
224	276	664.478	2.33E+07	3.48927	3.81185
225	246	664.33	3.17E+07	2.56467	3.97648
226	230	664.319	3.28E+07	2.47866	3.81003
227	200	664.139	3.64E+07	2.23352	3.71389
228	186	664	2.50E+07	3.252	3.67757
229	170	665.222	2.16E+07	3.76389	3.79491
230	155	664.619	2.59E+07	3.139	4.2375
231	139	665.444	2.81E+07	2.89324	3.81733
232	124	665.562	2.16E+07	3.76389	3.7353
233	108	665.466	1.77E+07	4.59322	4.02779
234	93	665.992	2.02E+07	4.02475	3.92361
235	80	666	2.32E+07	2.89	3.83857
236	63	666.06	2.06E+07	3.50431	4.11044
237	48	666.909	1.12E+07	3.9466	3.81842
239	973	814.178	6.87E+07	1.18341	4.0587
240	944	813.812	2.24E+07	3.62946	4.11034
241	926	812.267	2.46E+07	3.30488	4.43004
242	912	812.216	5.30E+07	1.53396	4.28981
243	897	811.675	6.07E+07	1.33937	4.40088
245	852	810.126	6.66E+07	1.22072	4.2453
246	836	809.646	5.58E+07	1.45699	4.80993
247	822	809.482	8.13E+07	1	4.34328
248	806	808.063	7.08E+07	1.14831	4.47972
249	792	808.126	7.01E+07	1.15977	4.169
250	761	806.844	5.65E+07	1.43894	4.32768
251	746	806.87	6.74E+07	1.20623	4.46326
252	731	806.491	6.25E+07	1.3008	4.42615
253	717	806.453	5.24E+07	1.55153	4.36463
255	684	804.822	2.31E+07	3.51948	4.45162
256	670	804.228	3.24E+07	2.50926	3.62721
257	655	804.846	4.72E+07	1.72246	4.45277
258	640	804.806	6.36E+07	1.2783	4.36739
259	625	804.424	5.61E+07	1.4492	4.36356
260	610	804.393	5.57E+07	1.4596	4.50806
261	595	804.242	5.12E+07	1.58789	4.53829
262	580	803.979	6.84E+07	1.1886	4.49271
263	565	803.834	5.78E+07	1.40657	4.38935
264	550	803.68	4.31E+07	1.88631	4.4738
265	504	802.907	4.24E+07	1.91745	4.24821
267	458	802.824	4.03E+07	2.01737	4.272
268	881	810.916	4.05E+07	2.00741	4.02386
269	428	802.739	3.15E+07	2.58095	4.42621
270	413	803.32	1.80E+07	1.35600171	4.30694
271	368	803.173	8.00E+06	1.626132228	4.38874
272	353	802.979	6.21E+06	2.754796373	4.71785
273	338	803.708	6.31E+06	1.529848083	4.94257
274	322	802.895	1.49E+07	2.915269948	4.70185
275	307	803.027	3.46E+07	2.34971	4.36924
276	292	803.254	2.28E+07	3.56579	4.80903
277	276	803.143	3.81E+07	2.13386	4.52979
278	261	802.704	3.44E+07	2.36337	4.43701
279	231	803.101	3.69E+07	2.20325	4.44817
280	216	803.057	3.79E+07	2.14512	4.50883
281	201	803.661	2.68E+07	3.03358	4.46299
283	139	804.517	1.69E+07	4.81065	4.0861
284	124	804.492	2.14E+07	3.79907	4.50627
285	109	805.324	1.44E+07	5.64583	4.33282
286	78	805.456	2.14E+07	3.79907	4.10036
287	62	805.81	1.30E+07	6.25385	4.61004
288	48	805.534	1.17E+07	6.94872	4.50816
