CH	y	x	relative	sensitivity	instrument
1	983.000	228.654	2.93448e+07	2.69594	4.95000
2	968.000	227.945	2.01150e+07	3.93298	4.93000
3	952.000	227.663	3.01877e+07	2.62066	5.28000
4	938.000	227.596	3.59307e+07	2.20178	4.75000
6	907.000	225.573	3.87198e+07	2.04319	4.69000
7	891.000	225.770	4.80413e+07	1.64674	4.65000
8	876.000	225.203	4.40029e+07	1.79788	4.81000
9	862.000	224.954	4.99697e+07	1.58319	4.71000
10	846.000	224.619	4.73240e+07	1.67171	4.64000
11	832.000	224.485	4.39868e+07	1.79853	4.50000
12	816.000	224.284	4.09453e+07	1.93213	4.72000
13	800.000	224.069	3.92323e+07	2.01650	4.59000
14	787.000	223.696	4.78423e+07	1.65359	4.36000
15	772.000	223.215	4.58945e+07	1.72378	4.27000
16	755.000	223.082	3.47367e+07	2.27747	4.36000
17	741.000	222.018	3.93225e+07	2.01187	4.27000
18	725.000	221.394	4.33990e+07	1.82290	4.14000
19	710.000	222.129	4.43386e+07	1.78426	4.16000
20	694.000	221.539	3.49967e+07	2.26055	4.40000
21	680.000	220.919	4.70279e+07	1.68223	3.98000
22	664.000	220.608	5.32438e+07	1.48584	4.00000
23	648.000	220.100	5.54788e+07	1.42598	3.88000
24	633.000	220.060	5.89128e+07	1.34286	3.81000
25	618.000	219.622	5.68602e+07	1.39134	3.76000
26	602.000	219.036	4.99085e+07	1.58514	3.82000
27	588.000	219.065	6.02826e+07	1.31235	3.81000
28	573.000	218.254	5.67306e+07	1.39452	3.68000
29	561.000	218.219	3.86977e+07	2.04435	3.77000
30	542.000	218.344	3.92192e+07	2.01717	3.58000
31	528.000	218.778	3.92536e+07	2.01540	3.59000
32	513.000	218.925	3.11178e+07	2.54233	3.52000
33	498.000	218.415	1.72707e+07	4.58070	3.39000
34	483.000	217.906	2.69631e+07	2.93407	3.48000
35	468.000	217.505	4.47848e+07	1.76649	3.41000
36	453.000	217.392	4.37442e+07	1.80851	3.43000
38	421.000	216.727	3.59078e+07	2.20319	3.33000
39	406.000	216.774	3.67667e+07	2.15172	3.53000
40	391.000	216.926	4.36199e+07	1.81366	3.51000
41	376.000	216.778	4.22653e+07	1.87179	3.32000
42	360.000	216.665	3.79696e+07	2.08355	3.49000
43	346.000	216.628	4.39465e+07	1.80018	3.38000
45	315.000	216.977	4.34080e+07	1.82252	3.34000
46	299.000	216.538	3.85177e+07	2.05390	3.45000
47	285.000	216.907	3.82993e+07	2.06562	3.39000
48	270.000	216.638	3.30070e+07	2.39682	3.37000
50	238.000	217.302	2.91580e+07	2.71321	3.38000
51	223.000	217.113	2.42044e+07	3.26848	3.44000
52	208.000	216.450	4.20659e+07	1.88066	3.55000
53	192.000	217.014	4.04806e+07	1.95431	3.49000
54	178.000	216.692	3.37628e+07	2.34316	3.49000
55	163.000	216.853	4.53887e+07	1.74298	3.46000
56	131.000	216.341	5.33024e+07	1.48421	3.27000
58	101.000	217.149	4.53690e+07	1.74374	3.31000
60	86.0000	217.255	3.26336e+07	2.42424	3.11000
61	70.0000	216.680	2.51921e+07	3.14034	3.37000
62	55.0000	217.149	3.04985e+07	2.59395	3.41000
64	998.000	367.677	2.21727e+07	3.56798	4.54000
65	984.000	367.288	1.59439e+07	4.96188	4.63000
66	969.000	366.823	2.36670e+07	3.34270	4.75000
67	954.000	366.403	2.90825e+07	2.72025	4.70000
68	940.000	366.022	2.88223e+07	2.74482	4.46000
69	908.000	364.496	2.53931e+07	3.11548	4.41000
70	893.000	363.853	3.36382e+07	2.35184	4.56000
71	879.000	363.237	3.15870e+07	2.50456	4.27000
72	862.000	362.744	3.77662e+07	2.09478	4.55000
73	846.000	362.826	2.94900e+07	2.68266	4.29000
74	832.000	362.223	3.87069e+07	2.04387	4.34000
75	817.000	362.337	3.83211e+07	2.06444	4.28000
76	802.000	362.215	3.66188e+07	2.16041	4.34000
77	786.000	362.111	3.74239e+07	2.11394	4.04000
78	775.000	362.195	3.62588e+07	2.18186	4.17000
79	758.000	360.002	2.42267e+07	3.26548	3.81000
80	741.000	360.639	1.76849e+07	4.47341	4.03000
81	726.000	360.114	2.31796e+07	3.41299	4.15000
82	711.000	360.007	2.86246e+07	2.76377	3.89000
83	695.000	359.172	3.10471e+07	2.54812	4.14000
84	680.000	359.432	2.09284e+07	3.78012	3.78000
85	664.000	358.924	3.68098e+07	2.14920	3.89000
86	650.000	358.833	4.50883e+07	1.75460	3.95000
87	634.000	358.418	4.31271e+07	1.83438	3.78000
88	621.000	357.495	4.37187e+07	1.80956	3.88000
89	604.000	357.622	3.44055e+07	2.29939	3.62000
90	589.000	357.565	4.13954e+07	1.91112	3.66000
91	572.000	357.049	3.43815e+07	2.30100	3.88000
92	558.000	357.316	2.33278e+07	3.39131	3.57000
93	543.000	357.311	4.32003e+07	1.83128	3.69000
94	529.000	357.246	3.64717e+07	2.16913	3.75000
95	513.000	357.347	3.62600e+07	2.18179	4.05000
96	498.000	357.462	2.08303e+07	3.79792	3.29000
97	484.000	357.281	2.05773e+07	3.84461	3.44000
98	468.000	356.635	2.56294e+07	3.08676	3.49000
99	453.000	356.787	2.77890e+07	2.84687	3.49000
100	437.000	356.655	3.13441e+07	2.52398	3.59000
101	422.000	356.629	3.38550e+07	2.33678	3.50000
102	407.000	356.346	2.97918e+07	2.65549	3.45000
103	376.000	356.261	2.77934e+07	2.84642	3.47000
104	361.000	356.431	2.61329e+07	3.02729	3.34000
105	346.000	355.994	3.26219e+07	2.42511	3.34000
106	330.000	356.117	3.51825e+07	2.24861	3.58000
107	315.000	356.127	3.38159e+07	2.33948	3.57000
108	300.000	355.747	3.87380e+07	2.04223	3.39000
109	284.000	355.649	2.78616e+07	2.83945	3.46000
110	270.000	355.617	3.93652e+07	2.00969	3.52000
111	254.000	355.769	2.98856e+07	2.64715	3.52000
112	239.000	356.521	2.25479e+07	3.50862	3.24000
113	224.000	356.285	1.98101e+07	3.99351	3.40000
114	193.000	356.383	2.64047e+07	2.99612	3.45000
115	178.000	356.000	1.98632e+07	3.98284	3.47000
116	162.000	356.035	2.28088e+07	3.46847	3.15000
117	146.000	356.204	1.63395e+07	4.84174	3.59000
118	131.000	356.300	1.69052e+07	4.67973	3.40000
120	101.000	357.525	1.63791e+07	4.83003	2.97000
121	86.0000	357.733	2.97061e+07	2.66315	3.25000
122	70.0000	357.424	1.66573e+07	4.74938	3.20000
123	55.0000	357.591	2.43935e+07	3.24315	2.95000
124	40.0000	357.417	1.92895e+07	4.10128	2.89000
125	984.000	506.441	1.47996e+07	5.34552	4.28000
126	969.000	505.908	1.34403e+07	5.88615	4.33000
127	954.000	505.243	2.76372e+07	2.86251	4.31000
128	940.000	505.295	3.26810e+07	2.42073	4.31000
129	923.000	504.818	2.94177e+07	2.68926	4.28000
130	908.000	504.402	2.58571e+07	3.05957	4.25000
131	893.000	503.339	2.36972e+07	3.33844	4.43000
132	878.000	503.269	1.85715e+07	4.25985	4.28000
133	862.000	502.267	2.82625e+07	2.79918	4.33000
134	849.000	502.121	2.60402e+07	3.03807	4.40000
135	832.000	502.179	2.61257e+07	3.02813	4.39000
136	817.000	501.230	2.47921e+07	3.19100	4.36000
137	802.000	501.582	2.83202e+07	2.79347	4.05000
138	787.000	500.661	3.38997e+07	2.33370	4.41000
139	771.000	499.904	2.68237e+07	2.94932	4.15000
140	756.000	500.147	3.27794e+07	2.41346	4.15000
141	742.000	499.487	3.60737e+07	2.19306	4.33000
142	726.000	498.958	3.05359e+07	2.59078	4.06000
143	713.000	498.208	2.96774e+07	2.66573	4.05000
144	696.000	498.416	2.78557e+07	2.84006	4.11000
145	680.000	497.534	2.43702e+07	3.24625	4.21000
146	666.000	497.598	1.28479e+07	6.15757	4.18000
147	650.000	497.449	2.33649e+07	3.38592	4.07000
148	636.000	497.740	3.23162e+07	2.44806	3.86000
149	604.000	496.891	3.85487e+07	2.05225	3.95000
150	589.000	496.343	3.70868e+07	2.13315	4.14000
151	574.000	496.824	3.66868e+07	2.15641	3.91000
152	559.000	496.717	5.18615e+07	1.52544	3.95000
153	544.000	496.362	4.74015e+07	1.66897	3.89000
154	528.000	496.369	3.95118e+07	2.00223	3.90000
155	513.000	496.248	3.78013e+07	2.09283	3.93000
156	498.000	496.238	4.01148e+07	1.97213	3.83000
157	483.000	496.042	3.56199e+07	2.22100	3.85000
158	467.000	496.304	3.43430e+07	2.30357	3.82000
159	453.000	495.884	3.24461e+07	2.43825	3.74000
160	438.000	495.896	3.01270e+07	2.62594	3.60000
161	422.000	495.888	3.34547e+07	2.36474	3.78000
162	407.000	495.774	1.81471e+07	4.35948	3.70000
163	391.000	495.462	2.28502e+07	3.46219	3.67000
164	360.000	495.182	1.96791e+07	4.02009	3.76000
165	346.000	495.239	1.76038e+07	4.49401	3.73000
166	331.000	494.815	3.37335e+07	2.34520	3.70000
167	315.000	495.255	3.03601e+07	2.60578	3.72000
168	298.000	494.976	2.43679e+07	3.24656	3.69000
169	285.000	494.801	2.43357e+07	3.25086	3.78000
171	270.000	494.678	2.97312e+07	2.66090	3.64000
172	254.000	494.792	1.82624e+07	4.33196	3.40000
174	209.000	495.341	1.49278e+07	5.29963	3.38000
177	146.000	495.575	2.08579e+07	3.79290	3.51000
178	131.000	495.026	9.01486e+06	8.77570	3.54000
179	116.000	495.715	2.00552e+07	3.94470	3.38000
180	101.000	496.354	1.92068e+07	4.11895	3.19000
181	85.0000	496.022	2.06754e+07	3.82638	3.69000
182	70.0000	496.344	1.91390e+07	4.13353	3.28000
183	55.0000	496.661	2.76141e+07	2.86490	3.43000
184	40.0000	496.304	2.47349e+07	3.19838	3.47000
185	1000.00	645.250	2.47646e+07	3.19455	4.33000
186	987.000	644.903	4.43421e+07	1.78412	4.19000
187	955.000	643.764	4.26378e+07	1.85544	4.16000
188	938.000	643.199	5.01261e+07	1.57825	4.64000
189	925.000	642.913	3.78957e+07	2.08762	4.26000
190	909.000	642.735	5.16274e+07	1.53236	4.18000
191	895.000	642.353	4.53126e+07	1.74591	4.13000
192	878.000	641.774	5.15055e+07	1.53599	4.12000
193	863.000	641.411	3.59048e+07	2.20338	4.17000
194	846.000	640.393	3.60437e+07	2.19488	4.31000
195	834.000	640.074	5.57771e+07	1.41835	4.15000
196	818.000	639.719	5.80427e+07	1.36299	4.28000
197	802.000	639.299	5.39644e+07	1.46600	4.23000
198	786.000	638.107	5.04797e+07	1.56720	4.26000
199	772.000	638.029	5.47839e+07	1.44407	4.19000
200	758.000	637.728	6.37994e+07	1.24001	4.19000
201	744.000	638.038	6.19826e+07	1.27635	4.13000
202	711.000	637.212	5.83717e+07	1.35531	4.10000
203	695.000	636.507	5.51054e+07	1.43565	4.23000
204	681.000	636.625	4.99872e+07	1.58264	4.15000
205	666.000	636.401	6.10128e+07	1.29664	4.16000
206	652.000	636.139	5.71935e+07	1.38323	4.32000
207	605.000	634.932	5.71935e+07	1.38323	4.17000
208	590.000	634.987	4.18424e+07	1.89071	4.15000
209	574.000	634.713	4.61235e+07	1.71522	4.24000
210	557.000	634.357	3.68645e+07	2.14601	4.23000
211	544.000	634.607	3.88966e+07	2.03390	3.76000
213	468.000	633.686	4.73969e+07	1.66913	4.08000
214	453.000	633.671	4.52797e+07	1.74718	4.24000
215	437.000	633.723	4.43460e+07	1.78397	4.24000
216	423.000	633.745	3.65410e+07	2.16502	4.00000
217	391.000	633.408	3.80798e+07	2.07753	4.10000
218	377.000	633.936	4.14311e+07	1.90948	4.00000
219	361.000	632.968	3.62013e+07	2.18533	4.02000
220	346.000	633.218	3.82130e+07	2.07028	4.13000
221	330.000	633.179	4.39058e+07	1.80185	4.23000
222	315.000	633.282	2.64947e+07	2.98595	4.25000
223	300.000	633.677	3.57185e+07	2.21487	4.12000
224	285.000	634.028	3.39002e+07	2.33366	3.81000
225	270.000	632.951	2.50752e+07	3.15497	3.98000
226	254.000	633.685	3.27418e+07	2.41623	3.81000
227	239.000	633.865	3.50430e+07	2.25756	3.71000
228	208.000	633.619	3.68548e+07	2.14658	3.68000
229	177.000	634.429	2.18828e+07	3.61524	3.79000
230	162.000	633.608	2.71623e+07	2.91256	4.24000
231	147.000	633.999	2.87537e+07	2.75136	3.82000
232	132.000	634.191	2.37891e+07	3.32554	3.74000
233	115.000	634.361	1.96398e+07	4.02813	4.03000
234	101.000	634.627	2.44760e+07	3.23222	3.92000
235	71.0000	634.831	2.06803e+07	3.82546	3.84000
236	55.0000	635.321	2.22582e+07	3.55427	4.11000
237	40.0000	635.956	1.65168e+07	4.78978	3.82000
239	986.000	783.520	7.05258e+07	1.12174	4.06000
240	959.000	783.652	3.93239e+07	2.01180	4.11000
241	941.000	779.449	4.42727e+07	1.78692	4.43000
242	925.000	781.190	6.63247e+07	1.19279	4.29000
243	908.000	780.780	6.03495e+07	1.31089	4.40000
245	863.000	779.982	7.01411e+07	1.12790	4.25000
246	844.000	779.022	6.06108e+07	1.30524	4.81000
247	832.000	779.034	7.91118e+07	1.00000	4.34000
248	832.000	779.034	7.29144e+07	1.08499	4.48000
249	815.000	777.702	7.71331e+07	1.02565	4.17000
250	770.000	776.554	5.87910e+07	1.34564	4.33000
251	756.000	776.446	6.66302e+07	1.18733	4.46000
252	741.000	776.110	5.86015e+07	1.34999	4.43000
253	729.000	776.221	5.30071e+07	1.49247	4.36000
255	694.000	775.095	2.32556e+07	3.40184	4.45000
256	682.000	772.629	2.65972e+07	2.97444	3.63000
257	666.000	774.500	3.76515e+06	21.0116	4.45000
258	650.000	774.494	5.76453e+06	13.7239	4.37000
259	633.000	773.774	5.81291e+06	13.6097	4.36000
260	621.000	773.770	7.31006e+06	10.8223	4.51000
261	604.000	773.237	2.91524e+07	2.71373	4.54000
262	590.000	773.414	5.05629e+07	1.56462	4.49000
263	576.000	773.390	5.31480e+07	1.48852	4.39000
264	562.000	772.858	5.46756e+07	1.44693	4.47000
265	514.000	772.813	5.11348e+07	1.54712	4.25000
267	468.000	772.534	4.27422e+07	1.85091	4.27000
268	894.000	780.724	4.26219e+07	1.85613	4.02000
269	438.000	772.229	4.38139e+07	1.80563	4.43000
270	423.000	772.445	4.30366e+07	1.83824	4.31000
271	376.000	772.083	4.89954e+07	1.61468	4.39000
272	361.000	772.434	4.98746e+07	1.58621	4.72000
273	347.000	772.422	3.08529e+07	2.56416	4.94000
274	331.000	772.313	3.55673e+07	2.22428	4.70000
275	315.000	771.957	4.25345e+07	1.85994	4.37000
276	298.000	772.285	2.58410e+07	3.06149	4.81000
277	284.000	772.253	4.11313e+07	1.92339	4.53000
278	270.000	771.588	3.46001e+07	2.28646	4.44000
279	238.000	771.850	3.54318e+07	2.23279	4.45000
280	224.000	772.345	3.61801e+07	2.18661	4.51000
281	209.000	772.696	2.56571e+07	3.08343	4.46000
283	146.000	773.262	1.61328e+07	4.90377	4.09000
284	131.000	772.927	2.06070e+07	3.83907	4.51000
285	116.000	773.880	1.40548e+07	5.62882	4.33000
286	85.0000	774.247	1.89759e+07	4.16906	4.10000
287	69.0000	774.684	1.16293e+07	6.80278	4.61000
288	55.0000	774.534	7.38221e+06	10.7165	4.51000
