CH	Y	X	relative	coeff	instrument
1	977	260.363	1.60E+08	1.60625	4.95267
2	963	259.921	1.95E+08	1.31795	4.92635
3	948	259.328	1.59E+08	1.61635	5.27961
4	933	259.265	1.89E+08	1.35979	4.74817
6	902	257.758	1.89E+08	1.35979	4.69283
7	887	257.676	2.14E+08	1.20093	4.64892
8	872	257.476	1.92E+08	1.33854	4.80858
9	857	257.106	2.15E+08	1.19535	4.70683
10	841	256.903	2.08E+08	1.23558	4.64438
11	827	256.616	1.75E+08	1.46857	4.50444
12	811	256.455	1.60E+08	1.60625	4.71655
13	796	255.726	1.47E+08	1.7483	4.58816
14	782	255.155	1.73E+08	1.48555	4.35605
15	766	254.806	1.52E+08	1.69079	4.26544
16	751	254.483	1.27E+08	2.02362	4.35566
17	736	253.923	1.04E+08	2.47115	4.27095
18	720	253.668	1.48E+08	1.73649	4.13601
19	706	254.064	1.31E+08	1.96183	4.15873
20	689	253.313	1.03E+08	2.49515	4.40279
21	675	252.78	1.72E+08	1.49419	3.97987
22	659	252.542	1.85E+08	1.38919	4.00449
23	645	252.206	2.18E+08	1.1789	3.87819
24	630	252.063	2.44E+08	1.05328	3.81133
25	615	252.031	2.29E+08	1.12227	3.76363
26	599	251.321	2.11E+08	1.21801	3.82012
27	584	251.376	2.54E+08	1.01181	3.80556
28	569	251.223	2.42E+08	1.06198	3.67659
29	557	250.959	1.59E+08	1.61635	3.77421
30	539	250.974	1.72E+08	1.49419	3.57822
31	524	251.15	1.65E+08	1.55758	3.58573
32	509	250.921	1.44E+08	1.78472	3.52366
33	493	250.813	1.81E+08	1.41989	3.38579
34	479	250.726	2.17E+08	1.18433	3.47851
35	463	250.34	2.37E+08	1.08439	3.40654
36	448	250.162	1.97E+08	1.30457	3.43295
37	433	249.862	2.16E+08	1.18981	3.40323
38	418	249.564	1.96E+08	1.31122	3.32516
39	403	249.313	2.12E+08	1.21226	3.53458
40	387	249.174	1.89E+08	1.35979	3.51015
41	373	249.147	2.07E+08	1.24155	3.31552
42	357	249.219	1.89E+08	1.35979	3.48855
43	342	249.21	1.84E+08	1.39674	3.37753
45	311	249.044	1.35E+08	1.9037	3.33537
46	296	248.908	1.43E+08	1.7972	3.45165
47	281	249.031	1.09E+08	2.3578	3.39081
48	266	248.71	9.02E+07	2.84922	3.37252
50	234	249.302	4.76E+07	5.39916	3.37778
51	219	249.111	1.07E+08	2.40187	3.43903
52	205	248.945	1.17E+08	2.19658	3.55372
53	189	249.404	7.86E+07	3.26972	3.48647
54	174	249.047	1.40E+08	1.83571	3.49497
55	159	249.28	1.68E+08	1.52976	3.46158
56	128	249.471	1.55E+08	1.65806	3.27477
58	97	250.566	6.98E+07	3.68195	3.31156
60	83	251.051	5.76E+07	4.46181	3.10752
61	68	250.99	9.48E+07	2.71097	3.36541
62	53	250.844	5.18E+07	4.96139	3.40612
64	993	399.598	8.15E+07	3.15337	4.53542
65	979	398.826	1.20E+08	2.14167	4.62608
66	963	398.332	1.41E+08	1.8227	4.75382
67	948	397.704	1.60E+08	1.60625	4.70186
68	934	397.75	1.39E+08	1.84892	4.4618
69	903	396.469	1.80E+08	1.42778	4.40804
70	888	395.623	1.60E+08	1.60625	4.55574
71	873	395.114	2.03E+08	1.26601	4.26974
72	858	394.702	1.38E+08	1.86232	4.55432
73	842	394.34	1.79E+08	1.43575	4.28876
74	827	393.93	1.67E+08	1.53892	4.33795
75	812	393.482	1.63E+08	1.57669	4.27863
76	797	392.932	1.54E+08	1.66883	4.34183
77	782	392.953	1.37E+08	1.87591	4.04237
78	769	392.673	7.44E+07	3.4543	4.17287
79	753	391.286	5.19E+07	4.95183	3.81025
80	736	391.388	7.13E+07	3.60449	4.02803
81	721	391.296	9.51E+07	2.70242	4.14818
82	706	391.186	1.09E+08	2.3578	3.89208
83	691	390.542	7.73E+07	3.32471	4.13576
84	675	390.645	1.27E+08	2.02362	3.77743
85	660	390.183	1.68E+08	1.52976	3.88867
86	646	389.957	1.66E+08	1.54819	3.95197
87	630	389.858	1.68E+08	1.52976	3.77547
88	616	389.153	1.28E+08	2.00781	3.87947
89	600	389.607	1.80E+08	1.42778	3.6198
90	585	389.461	1.47E+08	1.7483	3.66474
91	569	388.72	1.11E+08	2.31532	3.88451
92	555	389.092	2.09E+08	1.22967	3.57152
93	540	388.676	1.66E+08	1.54819	3.68683
94	525	388.728	1.37E+08	1.87591	3.74502
95	509	388.547	8.95E+07	2.87151	4.04614
96	494	388.942	1.09E+08	2.3578	3.29091
97	479	388.287	1.29E+08	1.99225	3.43585
98	464	388.118	1.13E+08	2.27434	3.48619
99	448	387.987	1.25E+08	2.056	3.49446
100	434	387.839	1.46E+08	1.76027	3.59086
101	418	387.844	1.21E+08	2.12397	3.49887
102	403	387.47	1.19E+08	2.15966	3.44957
103	372	387.866	9.40E+07	2.73404	3.47095
104	357	387.798	1.10E+08	2.33636	3.3365
105	342	387.74	1.19E+08	2.15966	3.34017
106	327	387.412	1.08E+08	2.37963	3.57684
107	312	387.328	1.39E+08	1.84892	3.57189
108	297	387.288	8.53E+07	3.0129	3.39457
109	282	387.265	1.11E+08	2.31532	3.45683
110	267	387.584	6.82E+07	3.76833	3.5185
111	251	387.172	6.51E+07	3.94777	3.52009
112	236	387.592	4.86E+07	5.28807	3.23827
113	221	387.637	6.07E+07	4.23394	3.40202
114	190	388.033	7.33E+07	3.50614	3.45487
115	175	388.199	7.19E+07	3.57441	3.46693
116	159	388.465	4.13E+07	6.22276	3.14691
117	144	388.101	5.45E+07	4.7156	3.59375
118	129	388.498	7.59E+07	3.38603	3.40234
120	99	389.63	4.42E+07	5.81448	2.96691
121	83	389.771	3.84E+07	6.69271	3.24745
122	68	389.851	5.70E+07	4.50877	3.20255
123	53	390.377	4.54E+07	5.66079	2.94975
124	38	390.208	3.64E+07	7.06044	2.89098
125	978	536.92	1.30E+08	1.97692	4.27838
126	964	536.487	1.55E+08	1.65806	4.33281
127	949	535.838	1.53E+08	1.67974	4.31335
128	933	535.602	1.31E+08	1.96183	4.30553
129	918	535.246	1.20E+08	2.14167	4.28135
130	903	534.736	1.14E+08	2.25439	4.2461
131	888	534.023	9.09E+07	2.82728	4.42646
132	873	533.452	1.50E+08	1.71333	4.2776
133	858	533.199	1.33E+08	1.93233	4.3262
134	843	532.928	1.34E+08	1.91791	4.39512
135	827	532.514	1.18E+08	2.17797	4.38953
136	812	532.269	1.38E+08	1.86232	4.361
137	797	532.251	1.61E+08	1.59627	4.05398
138	782	531.669	1.15E+08	2.23478	4.40522
139	767	531.205	1.47E+08	1.7483	4.14889
140	752	531.075	1.53E+08	1.67974	4.15274
141	738	530.617	1.18E+08	2.17797	4.32836
142	722	530.036	1.03E+08	2.49515	4.05619
143	707	529.587	8.43E+07	3.04864	4.04502
144	691	529.29	8.05E+07	3.19255	4.11099
145	676	528.781	7.84E+07	3.27806	4.20898
146	661	528.527	1.00E+08	2.57	4.18276
147	646	528.244	1.15E+08	2.23478	4.07311
148	632	528.068	1.28E+08	2.00781	3.86041
149	600	527.746	1.08E+08	2.37963	3.95243
150	584	527.251	1.09E+08	2.3578	4.14002
151	570	527.421	1.77E+08	1.45198	3.90746
152	555	527.156	1.61E+08	1.59627	3.94537
153	540	526.94	1.17E+08	2.19658	3.88896
154	524	526.963	1.17E+08	2.19658	3.89783
155	509	526.738	1.21E+08	2.12397	3.92511
156	494	526.636	1.09E+08	2.3578	3.82702
157	479	526.639	1.12E+08	2.29464	3.85139
158	464	526.739	1.02E+08	2.51961	3.82215
159	449	526.78	8.75E+07	2.93714	3.74313
160	434	526.334	1.21E+08	2.12397	3.59852
161	419	526.254	8.39E+07	3.06317	3.78224
162	404	526.146	9.31E+07	2.76047	3.69784
163	389	526.382	7.43E+07	3.45895	3.66676
164	357	525.967	6.53E+07	3.93568	3.75843
165	343	525.986	1.43E+08	1.7972	3.72808
166	328	525.835	1.17E+08	2.19658	3.70112
167	312	526.052	9.05E+07	2.83978	3.72119
168	297	525.748	1.38E+08	1.86232	3.6851
169	282	525.898	1.14E+08	2.25439	3.77665
171	267	526.33	5.38E+07	4.77695	3.64394
172	251	526.481	4.49E+07	5.72383	3.40037
174	206	526.606	6.08E+07	4.22697	3.37552
176	175	526.978	2.88E+07	8.92361	3.2651
177	145	527.254	3.12E+07	8.23718	3.50648
178	129	527.054	5.12E+07	5.01953	3.53739
179	113	527.379	3.55E+07	7.23944	3.37718
180	99	528.144	3.17E+07	8.10726	3.18632
181	82	527.75	3.88E+07	6.62371	3.69209
182	68	528.502	6.22E+07	4.13183	3.27707
183	52	528.614	5.28E+07	4.86742	3.43428
184	38	528.824	5.55E+07	4.63063	3.4703
185	994	675.886	1.62E+08	1.58642	4.33374
186	980	675.494	1.53E+08	1.67974	4.19425
187	949	674.584	2.13E+08	1.20657	4.15688
188	933	674.157	1.35E+08	1.9037	4.63899
189	918	673.498	2.12E+08	1.21226	4.2586
190	904	673.165	1.82E+08	1.41209	4.17956
191	889	672.682	1.91E+08	1.34555	4.13198
192	873	672.274	1.45E+08	1.77241	4.11713
193	859	671.669	1.57E+08	1.63694	4.17386
194	842	670.802	2.14E+08	1.20093	4.31172
195	828	670.407	2.39E+08	1.07531	4.15022
196	813	670.343	2.07E+08	1.24155	4.2774
197	798	669.924	1.82E+08	1.41209	4.23223
198	782	669.336	2.13E+08	1.20657	4.26495
199	767	669.188	2.31E+08	1.11255	4.19437
200	753	668.839	2.23E+08	1.15247	4.18905
201	739	669.055	2.11E+08	1.21801	4.13268
202	707	667.886	1.79E+08	1.43575	4.09978
203	691	667.38	1.54E+08	1.66883	4.23464
204	676	667.116	1.98E+08	1.29798	4.14837
205	661	666.785	1.73E+08	1.48555	4.1626
206	647	667.155	8.93E+07	2.87794	4.32122
207	601	665.456	1.07E+08	2.40187	4.17497
208	586	665.53	1.07E+08	2.40187	4.14872
209	571	665.245	8.72E+07	2.94725	4.24434
210	554	664.924	9.93E+07	2.58812	4.22798
211	540	665.089	1.20E+08	2.14167	3.75874
212	965	813.451	9.87E+07	2.60385	4.01417
213	464	664.198	1.39E+08	1.84892	4.08291
214	450	664.342	1.44E+08	1.78472	4.2415
215	434	664.44	1.13E+08	2.27434	4.23973
216	419	664.707	1.18E+08	2.17797	3.9965
217	388	664.461	1.65E+08	1.55758	4.09792
218	374	664.683	1.19E+08	2.15966	4.00263
219	358	664.231	1.35E+08	1.9037	4.02224
220	343	664.455	1.61E+08	1.59627	4.12825
221	328	664.542	9.50E+07	2.70526	4.23217
222	312	664.512	1.29E+08	1.99225	4.24878
223	297	664.565	1.06E+08	2.42453	4.11525
224	282	664.878	7.89E+07	3.25729	3.81185
225	252	664.791	1.13E+08	2.27434	3.97648
226	236	664.951	1.13E+08	2.27434	3.81003
227	206	665.12	1.19E+08	2.15966	3.71389
228	192	665.731	6.83E+07	3.76281	3.67757
229	175	665.768	5.40E+07	4.75926	3.79491
230	160	665.329	6.51E+07	3.94777	4.2375
231	145	666.252	6.34E+07	4.05363	3.81733
232	130	666.501	4.47E+07	5.74944	3.7353
233	114	666.366	3.55E+07	7.23944	4.02779
234	99	666.899	3.71E+07	6.92722	3.92361
235	83	666.658	5.45E+07	4.7156	3.83857
236	69	666.385	5.42E+07	4.7417	4.11044
237	53	667.599	3.03E+07	8.48185	3.81842
239	980	814.128	1.85E+08	1.38919	4.0587
240	953	814.458	9.50E+07	2.70526	4.11034
241	934	813.063	1.02E+08	2.51961	4.43004
242	919	812.255	1.45E+08	1.77241	4.28981
243	902	811.39	1.59E+08	1.61635	4.40088
244	873	811.094	1.36E+08	1.88971	4.27658
245	859	810.619	1.87E+08	1.37433	4.2453
246	842	809.932	1.55E+08	1.65806	4.80993
247	829	809.807	2.57E+08	1	4.34328
248	814	809.123	2.25E+08	1.14222	4.47972
249	799	809.175	2.47E+08	1.04049	4.169
250	768	808	2.00E+08	1.285	4.32768
251	753	807.873	2.25E+08	1.14222	4.46326
252	737	807.449	2.25E+08	1.14222	4.42615
253	724	807.404	1.81E+08	1.41989	4.36463
255	689	805.856	7.52E+07	3.41755	4.45162
256	677	805.78	1.19E+08	2.15966	3.62721
257	661	805.731	1.82E+08	1.41209	4.45277
258	647	805.658	2.33E+08	1.103	4.36739
259	631	805.384	2.17E+08	1.18433	4.36356
260	616	805.484	2.09E+08	1.22967	4.50806
261	601	804.931	2.00E+08	1.285	4.53829
262	586	805.022	2.57E+08	1	4.49271
263	572	804.713	2.04E+08	1.2598	4.38935
264	556	804.491	1.46E+08	1.76027	4.4738
265	510	804.17	1.32E+08	1.94697	4.24821
267	465	803.535	1.34E+08	1.91791	4.272
268	888	811.315	1.68E+08	1.52976	4.02386
269	434	803.09	1.08E+08	2.37963	4.42621
270	420	803.425	8.64E+07	2.97454	4.30694
271	373	803.431	1.02E+08	2.51961	4.38874
272	359	803.686	9.65E+07	2.66321	4.71785
273	344	803.914	5.07E+07	5.06903	4.94257
274	327	803.277	6.08E+07	4.22697	4.70185
275	313	803.066	1.03E+08	2.49515	4.36924
276	296	803.247	5.72E+07	4.49301	4.80903
277	282	803.576	1.09E+08	2.3578	4.52979
278	267	803.263	9.77E+07	2.6305	4.43701
279	236	803.858	1.15E+08	2.23478	4.44817
280	222	804.308	1.22E+08	2.10656	4.50883
281	207	804.726	7.85E+07	3.27389	4.46299
283	145	805.485	4.45E+07	5.77528	4.0861
284	129	805.435	6.67E+07	3.85307	4.50627
285	115	806.359	4.00E+07	6.425	4.33282
286	84	806.191	5.60E+07	4.58929	4.10036
287	67	806.951	2.41E+07	10.6639	4.61004
288	53	807.078	3.05E+07	8.42623	4.50816
