A	‚™	‚˜	relative	coeff	instrument
1	975	255.235	1.60E+08	1.60625	6.20748
2	960	255.244	1.95E+08	1.31795	6.04028
3	946	253.258	1.59E+08	1.61635	6.14879
4	931	253.961	1.89E+08	1.35979	5.85632
6	900	252.926	1.89E+08	1.35979	5.94692
7	884	252.505	2.14E+08	1.20093	5.93132
8	870	250.153	1.92E+08	1.33854	5.91596
9	855	250.467	2.15E+08	1.19535	5.88023
10	839	250.219	2.08E+08	1.23558	5.80617
11	824	250.403	1.75E+08	1.46857	5.73583
12	810	249.26	1.60E+08	1.60625	5.75158
13	793	247.848	1.47E+08	1.7483	5.65107
14	779	246.402	1.73E+08	1.48555	5.63846
15	764	248.011	1.52E+08	1.69079	5.5824
16	749	246.713	1.27E+08	2.02362	5.64839
17	735	246.947	1.04E+08	2.47115	5.53439
18	719	244.867	1.48E+08	1.73649	5.54438
19	704	246.313	1.31E+08	1.96183	5.30959
20	688	247.867	1.03E+08	2.49515	5.63679
21	673	246.387	1.72E+08	1.49419	5.30922
22	657	245.321	1.85E+08	1.38919	5.37509
23	643	245.97	2.18E+08	1.1789	5.22115
24	628	245.97	2.44E+08	1.05328	5.19126
25	612	246.122	2.29E+08	1.12227	5.09098
26	597	246.534	2.11E+08	1.21801	5.15096
27	582	246.46	2.54E+08	1.01181	5.01221
28	567	245.557	2.42E+08	1.06198	4.97008
29	555	244.308	1.59E+08	1.61635	5.1793
30	537	243.857	1.72E+08	1.49419	4.94521
31	522	244.706	1.65E+08	1.55758	4.84717
32	507	244.651	1.44E+08	1.78472	5.03375
33	491	243.878	1.81E+08	1.41989	4.83407
34	477	243.831	2.17E+08	1.18433	4.84126
35	462	244.005	2.37E+08	1.08439	4.80653
36	446	243.231	1.97E+08	1.30457	4.83468
37	431	242.834	2.16E+08	1.18981	4.80571
38	416	243.379	1.96E+08	1.31122	4.71658
39	401	243.613	2.12E+08	1.21226	4.8281
40	386	243.695	1.89E+08	1.35979	4.76534
41	371	243.042	2.07E+08	1.24155	4.71486
42	355	244.749	1.89E+08	1.35979	4.73046
43	341	243.208	1.84E+08	1.39674	4.56551
45	309	242.948	1.35E+08	1.9037	4.50669
46	294	243.107	1.43E+08	1.7972	4.65229
47	279	241.918	1.09E+08	2.3578	4.64513
48	265	242.428	9.02E+07	2.84922	4.58494
50	233	243.587	4.76E+07	5.39916	4.74328
51	218	244.476	1.07E+08	2.40187	4.54278
52	203	242.794	1.17E+08	2.19658	4.62682
53	187	243.771	7.86E+07	3.26972	4.59914
54	173	244.792	1.40E+08	1.83571	4.63171
55	158	246.61	1.68E+08	1.52976	4.50973
56	127	246.318	1.55E+08	1.65806	4.46034
58	96	250.561	6.98E+07	3.68195	4.443
60	81	245.934	5.76E+07	4.46181	4.45022
61	66	246.547	9.48E+07	2.71097	4.31048
62	51	248.259	5.18E+07	4.96139	4.43289
64	991	399.596	8.15E+07	3.15337	5.79764
65	977	396.779	1.20E+08	2.14167	5.70343
66	961	397.548	1.41E+08	1.8227	5.83786
67	946	398.154	1.60E+08	1.60625	5.74145
68	932	398.106	1.39E+08	1.84892	5.63098
69	901	395.763	1.80E+08	1.42778	5.5628
70	886	395.782	1.60E+08	1.60625	5.83993
71	870	394.072	2.03E+08	1.26601	5.54096
72	855	394.618	1.38E+08	1.86232	5.70357
73	840	395.085	1.79E+08	1.43575	5.55709
74	825	392.983	1.67E+08	1.53892	5.50937
75	809	393.621	1.63E+08	1.57669	5.48815
76	795	393.842	1.54E+08	1.66883	5.47738
77	779	392.838	1.37E+08	1.87591	5.40852
78	767	392.6	7.44E+07	3.4543	5.44065
79	750	389.675	5.19E+07	4.95183	5.11043
80	735	389.889	7.13E+07	3.60449	5.45116
81	719	389.786	9.51E+07	2.70242	5.25891
82	704	390.406	1.09E+08	2.3578	5.20761
83	689	389.904	7.73E+07	3.32471	5.45701
84	673	390.064	1.27E+08	2.02362	5.18853
85	658	388.045	1.68E+08	1.52976	5.15651
86	644	389.315	1.66E+08	1.54819	5.17165
87	628	388.205	1.68E+08	1.52976	5.07572
88	614	386.97	1.28E+08	2.00781	5.30726
89	598	388.918	1.80E+08	1.42778	4.92123
90	583	389.337	1.47E+08	1.7483	5.05156
91	567	388.476	1.11E+08	2.31532	5.19549
92	553	387.951	2.09E+08	1.22967	4.81103
93	538	388.48	1.66E+08	1.54819	4.89251
94	523	387.685	1.37E+08	1.87591	4.94552
95	507	386.459	8.95E+07	2.87151	5.05725
96	492	386.873	1.09E+08	2.3578	4.60005
97	476	387.378	1.29E+08	1.99225	4.8177
98	462	387.203	1.13E+08	2.27434	4.70201
99	447	388.35	1.25E+08	2.056	4.77759
100	432	386.832	1.46E+08	1.76027	4.8316
101	417	386.725	1.21E+08	2.12397	4.71772
102	401	387.399	1.19E+08	2.15966	4.70713
103	371	386.668	9.40E+07	2.73404	4.71369
104	356	387.276	1.10E+08	2.33636	4.55304
105	341	386.885	1.19E+08	2.15966	4.56101
106	325	386.809	1.08E+08	2.37963	4.79486
107	310	387.114	1.39E+08	1.84892	4.64756
108	295	387.63	8.53E+07	3.0129	4.59109
109	280	387.139	1.11E+08	2.31532	4.61067
110	265	387.799	6.82E+07	3.76833	4.61821
111	249	386.506	6.51E+07	3.94777	4.66781
112	234	388.247	4.86E+07	5.28807	4.45748
113	219	387.384	6.07E+07	4.23394	4.48257
114	188	390.241	7.33E+07	3.50614	4.55466
115	173	388.272	7.19E+07	3.57441	4.42001
116	158	389.156	4.13E+07	6.22276	4.34487
117	142	389.452	5.45E+07	4.7156	4.54278
118	127	389.047	7.59E+07	3.38603	4.39716
120	97	390.517	4.42E+07	5.81448	4.19699
121	82	393.647	3.84E+07	6.69271	4.28086
122	67	394.138	5.70E+07	4.50877	4.25032
123	51	395.433	4.54E+07	5.66079	4.16363
124	36	392.728	3.64E+07	7.06044	4.15413
125	976	545.027	1.30E+08	1.97692	5.49565
126	962	543.000	1.55E+08	1.65806	5.64554
127	947	542.324	1.53E+08	1.67974	5.43802
128	931	541.97	1.31E+08	1.96183	5.42908
129	916	541.751	1.20E+08	2.14167	5.57084
130	901	539.688	1.14E+08	2.25439	5.50785
131	886	540.121	9.09E+07	2.82728	5.64653
132	870	540.466	1.50E+08	1.71333	5.33348
133	856	540.861	1.33E+08	1.93233	5.50206
134	841	539.208	1.34E+08	1.91791	5.42513
135	825	536.949	1.18E+08	2.17797	5.38157
136	810	536.617	1.38E+08	1.86232	5.41956
137	794	537.454	1.61E+08	1.59627	5.30015
138	780	536.412	1.15E+08	2.23478	5.48146
139	764	538.395	1.47E+08	1.7483	5.41062
140	750	536.515	1.53E+08	1.67974	5.26014
141	735	535.702	1.18E+08	2.17797	5.31792
142	720	534.675	1.03E+08	2.49515	5.28535
143	705	533.864	8.43E+07	3.04864	5.12229
144	688	535.867	8.05E+07	3.19255	5.08727
145	675	534.499	7.84E+07	3.27806	5.18145
146	659	533.708	1.00E+08	2.57	5.31544
147	644	532.725	1.15E+08	2.23478	5.11941
148	630	531.447	1.28E+08	2.00781	4.98105
149	598	533.22	1.08E+08	2.37963	4.9387
150	583	532.882	1.09E+08	2.3578	5.18788
151	568	531.08	1.77E+08	1.45198	4.98467
152	553	532.345	1.61E+08	1.59627	4.96678
153	538	530.518	1.17E+08	2.19658	5.05519
154	522	532.243	1.17E+08	2.19658	4.89309
155	507	530.352	1.21E+08	2.12397	5.00793
156	492	531.738	1.09E+08	2.3578	4.92789
157	477	529.609	1.12E+08	2.29464	4.95883
158	462	532.66	1.02E+08	2.51961	4.78811
159	447	530.18	8.75E+07	2.93714	4.79493
160	432	528.72	1.21E+08	2.12397	4.7342
161	417	531.925	8.39E+07	3.06317	4.73728
162	402	529.923	9.31E+07	2.76047	4.773
163	387	529.896	7.43E+07	3.45895	4.60263
164	355	530.729	6.53E+07	3.93568	4.83669
165	341	530.153	1.43E+08	1.7972	4.65001
166	326	531.363	1.17E+08	2.19658	4.6547
167	311	532.58	9.05E+07	2.83978	4.64275
168	295	530.601	1.38E+08	1.86232	4.69126
169	281	533.775	1.14E+08	2.25439	4.58756
171	265	532.496	5.38E+07	4.77695	4.4482
172	250	534.037	4.49E+07	5.72383	4.39871
174	204	534.138	6.08E+07	4.22697	4.3219
176	174	535.924	2.88E+07	8.92361	4.18077
177	142	538.17	3.12E+07	8.23718	4.26593
178	127	536.46	5.12E+07	5.01953	4.28643
179	112	537.884	3.55E+07	7.23944	4.20751
180	98	536.963	3.17E+07	8.10726	4.15939
181	81	537.603	3.88E+07	6.62371	4.29382
182	67	537.101	6.22E+07	4.13183	4.20841
183	51	536.258	5.28E+07	4.86742	4.29504
184	36	536.751	5.55E+07	4.63063	4.1013
185	992	689.642	1.62E+08	1.58642	5.29383
186	979	689.166	1.53E+08	1.67974	5.19198
187	947	687.557	2.13E+08	1.20657	5.18909
188	931	686.679	1.35E+08	1.9037	5.52679
189	916	686.251	2.12E+08	1.21226	5.20098
190	902	685.658	1.82E+08	1.41209	5.333
191	886	684.913	1.91E+08	1.34555	5.33673
192	871	684.713	1.45E+08	1.77241	5.02303
193	856	685.817	1.57E+08	1.63694	5.03964
194	840	685.182	2.14E+08	1.20093	5.37798
195	826	682.555	2.39E+08	1.07531	5.28712
196	810	682.898	2.07E+08	1.24155	5.2628
197	796	682.878	1.82E+08	1.41209	5.15339
198	779	681.633	2.13E+08	1.20657	5.26806
199	765	682.251	2.31E+08	1.11255	5.13362
200	751	681.084	2.23E+08	1.15247	5.12984
201	736	682.496	2.11E+08	1.21801	4.95426
202	705	681.428	1.79E+08	1.43575	5.01259
203	689	681.706	1.54E+08	1.66883	5.18999
204	675	681.182	1.98E+08	1.29798	5.1506
205	659	680.111	1.73E+08	1.48555	5.0888
206	648	680.51	8.93E+07	2.87794	5.0855
207	599	679.985	1.07E+08	2.40187	5.03937
208	583	678.552	1.07E+08	2.40187	5.11103
209	568	678.39	8.72E+07	2.94725	5.09661
210	553	678.381	9.93E+07	2.58812	5.1391
211	538	678.127	1.20E+08	2.14167	4.67382
212	961	834.428	9.87E+07	2.60385	4.97225
213	462	677.336	1.39E+08	1.84892	4.83338
214	448	678.101	1.44E+08	1.78472	4.86393
215	432	678.553	1.13E+08	2.27434	4.93532
216	417	679.671	1.18E+08	2.17797	4.70039
217	387	679.082	1.65E+08	1.55758	4.7672
218	372	678.394	1.19E+08	2.15966	4.8246
219	356	677.568	1.35E+08	1.9037	4.89361
220	341	678.586	1.61E+08	1.59627	4.82665
221	326	679.602	9.50E+07	2.70526	4.78105
222	310	678.705	1.29E+08	1.99225	4.7905
223	296	679.42	1.06E+08	2.42453	4.72222
224	280	679.929	7.89E+07	3.25729	4.48381
225	250	679.073	1.13E+08	2.27434	4.61493
226	235	680.902	1.13E+08	2.27434	4.46238
227	205	680.665	1.19E+08	2.15966	4.52188
228	190	681.399	6.83E+07	3.76281	4.52032
229	174	681.112	5.40E+07	4.75926	4.50651
230	159	679.923	6.51E+07	3.94777	4.70356
231	143	681.954	6.34E+07	4.05363	4.39466
232	128	685.835	4.47E+07	5.74944	4.35226
233	113	682.085	3.55E+07	7.23944	4.38936
234	98	686.887	3.71E+07	6.92722	4.41136
235	82	684.343	5.45E+07	4.7156	4.38836
236	68	683.232	5.42E+07	4.7417	4.41559
237	52	683.82	3.03E+07	8.48185	4.32115
239	978	836.127	1.85E+08	1.38919	5.42633
240	949	835.782	9.50E+07	2.70526	4.90603
241	931	833.8	1.02E+08	2.51961	5.06822
242	916	833.912	1.45E+08	1.77241	5.40258
243	902	832.95	1.59E+08	1.61635	5.35987
244	870	832.155	1.36E+08	1.88971	5.187
245	857	833.484	1.87E+08	1.37433	5.24674
246	839	832.807	1.55E+08	1.65806	5.00813
247	827	832.491	2.57E+08	1	5.25497
248	811	830.157	2.25E+08	1.14222	5.21006
249	797	828.858	2.47E+08	1.04049	5.03026
250	766	828.761	2.00E+08	1.285	5.2917
251	751	828.332	2.25E+08	1.14222	5.2572
252	736	827.61	2.25E+08	1.14222	5.16665
253	722	828.629	1.81E+08	1.41989	4.88264
255	688	826.868	7.52E+07	3.41755	4.6994
256	675	825.739	1.19E+08	2.15966	4.75603
257	659	826.467	1.82E+08	1.41209	5.16238
258	645	825.942	2.33E+08	1.103	5.20988
259	629	825.798	2.17E+08	1.18433	5.16951
260	614	826.604	2.09E+08	1.22967	5.13972
261	600	824.946	2.00E+08	1.285	5.20788
262	584	826.175	2.57E+08	1	5.14523
263	570	825.887	2.04E+08	1.2598	5.06877
264	554	824.74	1.46E+08	1.76027	4.89015
265	509	824.702	1.32E+08	1.94697	4.75791
267	463	823.523	1.34E+08	1.91791	4.72239
268	886	833.289	1.68E+08	1.52976	5.10613
269	432	823.441	1.08E+08	2.37963	4.8782
270	418	822.304	8.64E+07	2.97454	4.78278
271	372	823.641	1.02E+08	2.51961	4.8527
272	357	824.738	9.65E+07	2.66321	5.05391
273	342	824.738	5.07E+07	5.06903	4.95305
274	326	824.494	6.08E+07	4.22697	5.17607
275	311	824.973	1.03E+08	2.49515	4.87526
276	296	825.131	5.72E+07	4.49301	5.26078
277	281	825.384	1.09E+08	2.3578	4.95965
278	266	826.081	9.77E+07	2.6305	4.82385
279	235	826.855	1.15E+08	2.23478	4.91469
280	220	826.522	1.22E+08	2.10656	4.90871
281	205	829.598	7.85E+07	3.27389	4.65959
283	143	830.607	4.45E+07	5.77528	4.69102
284	128	829.79	6.67E+07	3.85307	4.77955
285	114	831.656	4.00E+07	6.425	4.46952
286	82	832.128	5.60E+07	4.58929	4.47195
287	66	831.587	2.41E+07	10.6639	4.78385
288	52	831.128	3.05E+07	8.42623	4.56563
