0.06
0.08
0.1
0.12
0.135
0.15
0.16
0.17
0.18
0.185
0.19
0.195
0.2
0.205
0.21
0.215
0.22
0.23
0.24
0.25
0.265
0.28
0.3
0.32
0.06
0.08
0.1
0.12
0.135
0.15
0.16
0.17
0.18
0.185
0.19
0.195
0.2
0.205
0.21
0.215
0.22
0.23
0.24
0.25
0.265
0.28
0.3
0.32
0.06
0.08
0.1
0.12
0.135
0.15
0.16
0.17
0.18
0.185
0.19
0.195
0.2
0.205
0.21
0.215
0.22
0.23
0.24
0.25
0.265
0.28
0.3
0.32
0.06
0.08
0.1
0.12
0.135
0.15
0.16
0.17
0.18
0.185
0.19
0.195
0.2
0.205
0.21
0.215
0.225
0.23
0.24
0.25
0.265
0.28
0.3
0.32
0.06
0.08
0.1
0.12
0.135
0.15
0.16
0.17
0.18
0.185
0.19
0.195
0.2
0.205
0.21
0.215
0.22
0.23
0.24
0.25
0.265
0.28
0.3
0.32
