1.30E+00
4.93E+00
8.25E-01
1.83E+01
8.17E-01
8.12E-01
8.31E-01
8.23E-01
8.15E-01
8.34E-01
8.16E-01
8.44E-01
8.18E-01
1.96E+01
8.29E-01
8.48E-01
8.48E-01
3.29E+00
8.14E-01
1.25E+01
8.34E-01
8.27E-01
8.21E-01
8.17E-01
8.40E-01
8.35E-01
8.25E-01
8.40E-01
8.05E-01
6.06E+00
8.43E-01
8.17E-01
8.06E-01
8.37E-01
8.45E-01
1.19E+01
8.18E-01
8.27E-01
7.94E-01
8.54E-01
4.25E+01
8.26E-01
8.31E-01
9.09E-01
8.48E-01
1.26E+02
8.80E-01
8.44E-01
8.30E-01
8.26E-01
8.22E-01
7.72E+00
8.44E-01
8.52E-01
8.36E-01
8.33E-01
8.24E-01
8.47E-01
8.37E-01
8.11E-01
8.39E-01
8.18E-01
8.45E-01
8.07E-01
8.00E-01
8.25E-01
8.12E-01
8.08E-01
8.56E-01
8.41E-01
8.60E-01
8.61E-01
8.87E-01
8.23E-01
7.97E-01
8.58E-01
8.12E-01
8.46E-01
8.58E-01
8.21E-01
3.20E+02
3.24E+02
8.43E-01
8.46E-01
8.14E-01
8.41E-01
8.45E-01
8.53E-01
8.08E-01
8.26E-01
8.18E-01
8.48E-01
8.48E-01
8.36E-01
8.50E-01
8.49E-01
4.86E+01
8.29E-01
8.46E-01
8.59E-01
8.21E-01
8.48E-01
8.42E-01
8.44E-01
4.79E+01
8.51E-01
8.46E-01
8.44E-01
2.44E-01
8.61E-01
4.71E+01
4.96E+01
3.21E+02
3.22E+02
8.50E-01
8.15E-01
8.21E-01
1.15E+00
8.07E-01
8.49E-01
8.49E-01
8.34E-01
8.13E-01
8.37E-01
8.47E-01
8.57E-01
8.18E-01
8.14E-01
