22	437	830.0047	0.0046817	4.716041	4.864699
23	415	827.5703	0.004681179	4.447767	4.953727
24	398	826.7307	0.004683715	4.283922	5.777305
25	371	826.3593	0.004684156	5.949957	4.961098
26	355	827.4596	0.004681015	6.57673	6.153605
27	335	826.6951	0.004681996	6.092888	4.816231
28	309	821.4865	0.004686832	6.730585	2.228125
29	287	821.3921	0.0046859	7.644789	6.394578
41	726	615.0844	0.004617944	5.451856	1.846593
42	704	613.9256	0.004604137	4.914953	0.7296719
43	681	613.324	0.004607306	5.441241	1.414699
44	659	612.3961	0.004609579	4.696455	1.382608
45	634	613.0897	0.004598285	5.240775	2.043927
46	614	611.8568	0.004606104	7.05051	7.520518
47	594	612.6091	0.004600646	7.573188	11.92233
53	463	609.8018	0.004604451	5.633806	2.280072
73	733	396.5349	0.004639407	6.378903	1.14245
74	710	397.4435	710.004660721	6.512628	1.372431
75	683	396.6998	0.004661537	6.502628	1.878275
76	659	395.6131	0.004635611	6.594338	1.350171
77	640	396.5344	0.004654289	5.790434	6.380958
78	616	396.8588	0.004654855	5.546628	5.725229
79	594	395.6959	0.0046423	4.64185	6.353543
80	571	396.2228	0.004649223	5.607985	12.60582
82	533	394.9847	0.004654917	5.086948	6.059644
83	509	396.3217	0.00465349	4.375583	2.784099
84	486	395.9625	0.004653603	4.519059	5.094594
85	465	396.3746	0.004652869	5.247927	4.971193
86	443	395.3401	0.004647779	5.556715	2.425057
87	421	395.3165	0.004659933	5.412167	2.410252
88	396	393.6257	0.004653947	5.375641	5.015607
89	378	392.9586	0.004641503	6.403156	0.834945